0a5bb6f4.2020-08-12_22-27-42,1452.066541,1281.825376,1.114428
0a5bb6f4.2020-08-12_22-46-24,1453.566247,1279.610051,1.120000
0a5bb6f4.2020-08-12_23-05-04,1454.689542,1281.544732,1.103448
0a5bb6f4.2020-08-12_23-23-44,1452.436357,1281.641600,1.108911
0a5bb6f4.2020-08-12_23-42-25,1451.851768,1280.359909,1.103448
0a5bb6f4.2020-08-13_00-01-06,1452.960315,1279.997516,1.103448
0a5bb6f4.2020-08-13_00-19-47,1451.022321,1280.804360,1.092683
0a5bb6f4.2020-08-13_00-38-27,1450.398954,1280.676415,1.103448
0a5bb6f4.2020-08-13_00-57-09,1449.524659,1279.918501,1.103448
0a5bb6f4.2020-08-13_01-15-49,1449.941840,1278.037676,1.098039
0a5bb6f4.2020-08-13_01-34-30,1450.200346,1280.381521,1.098039
0a5bb6f4.2020-08-13_01-53-12,1449.203142,1280.129443,1.087379
0a5bb6f4.2020-08-13_02-11-52,1448.062078,1279.991536,1.092683
0a5bb6f4.2020-08-13_02-30-32,1447.648257,1279.738771,1.098039
0a5bb6f4.2020-08-13_02-49-13,1452.494292,1280.333588,1.087379
0a5bb6f4.2020-08-13_03-07-54,1448.387204,1280.563993,1.092683
0a5bb6f4.2020-08-13_03-26-34,1446.961561,1281.425214,1.098039
0a5bb6f4.2020-08-13_03-45-16,1446.927147,1280.878059,1.103448
0a5bb6f4.2020-08-13_04-03-56,1446.774890,1281.076820,1.103448
0a5bb6f4.2020-08-13_04-22-37,1448.005067,1281.712515,1.108911
0a5bb6f4.2020-08-13_04-41-18,1448.371447,1281.861397,1.108911
0a5bb6f4.2020-08-13_04-59-59,1448.783990,1281.954583,1.114428
0a5bb6f4.2020-08-13_05-18-39,1448.288904,1281.693036,1.114428
0a5bb6f4.2020-08-13_05-37-20,1448.588336,1280.788984,1.120000
0a5bb6f4.2020-08-13_05-56-01,1448.831275,1280.459891,1.114428
0a5bb6f4.2020-08-13_06-14-41,1448.610232,1282.661073,1.114428
0a5bb6f4.2020-08-13_06-33-22,1449.789720,1280.667654,1.114428
0a5bb6f4.2020-08-13_06-52-03,1447.973466,1281.222060,1.125628
0a5bb6f4.2020-08-13_07-10-45,1448.909289,1280.752032,1.108911
0a5bb6f4.2020-08-13_07-29-25,1448.977860,1279.425879,1.114428
0a5bb6f4.2020-08-13_07-48-05,1448.478586,1279.645275,1.108911
0a5bb6f4.2020-08-13_08-06-45,1448.225235,1280.197762,1.103448
0a5bb6f4.2020-08-13_08-25-26,1448.710147,1278.460279,1.108911
0a5bb6f4.2020-08-13_08-44-07,1449.890387,1278.751805,1.114428
0a5bb6f4.2020-08-13_09-02-48,1450.253214,1279.596100,1.103448
0a5bb6f4.2020-08-13_09-21-29,1450.461673,1279.217522,1.103448
0a5bb6f4.2020-08-13_09-40-09,1451.313476,1279.822244,1.108911
0a5bb6f4.2020-08-13_09-58-50,1452.480309,1276.671947,1.108911
0a5bb6f4.2020-08-13_10-17-31,1450.866046,1277.224907,1.142857
0a5bb6f4.2020-08-13_10-36-11,1452.888140,1277.064085,1.137056
0a5bb6f4.2020-08-13_10-54-52,1452.553560,1276.320420,1.142857
0a5bb6f4.2020-08-13_11-13-33,1452.152832,1278.211653,1.137056
0a5bb6f4.2020-08-13_11-32-15,1454.183629,1277.075952,1.120000
0a5bb6f4.2020-08-13_11-50-54,1448.701996,1277.088580,1.160622
0a5bb6f4.2020-08-13_12-09-35,1449.659401,1275.327853,1.142857
0a5bb6f4.2020-08-13_12-28-15,1449.794480,1275.656649,1.160622
0a5bb6f4.2020-08-13_12-46-56,1453.365727,1274.113010,1.142857
0a5bb6f4.2020-08-13_15-35-02,1451.803856,1274.753469,1.114428
0a5bb6f4.2020-08-13_15-53-43,1455.602522,1277.448197,1.125628
0a5bb6f4.2020-08-13_16-12-24,1454.595077,1277.925631,1.114428
0a5bb6f4.2020-08-13_16-31-04,1454.713447,1276.617925,1.108911
0a5bb6f4.2020-08-13_16-49-45,1458.636541,1281.263946,1.137056
0a5bb6f4.2020-08-13_17-08-26,1461.626272,1281.828534,1.131313
0a5bb6f4.2020-08-13_17-27-07,1462.634839,1280.906297,1.137056
0a5bb6f4.2020-08-13_17-45-47,1469.769214,1280.221476,1.131313
0a5bb6f4.2020-08-13_18-04-28,1472.454828,1280.709514,1.148718
0a5bb6f4.2020-08-13_18-23-08,1470.230071,1279.705761,1.160622
0a5bb6f4.2020-08-13_18-41-49,1468.674841,1279.992329,1.154639
0a5bb6f4.2020-08-13_19-00-30,1467.499038,1280.101580,1.172775
0a5bb6f4.2020-08-13_19-19-11,1467.584780,1281.585585,1.148718
0a5bb6f4.2020-08-13_19-37-51,1467.875942,1278.826820,1.137056
0a5bb6f4.2020-08-13_19-56-31,1467.865737,1280.183334,1.137056
0a5bb6f4.2020-08-13_20-15-12,1467.268076,1281.243570,1.137056
0a5bb6f4.2020-08-13_20-33-53,1464.672439,1280.163366,1.148718
0a5bb6f4.2020-08-13_20-52-33,1464.547110,1281.235072,1.160622
0a5bb6f4.2020-08-13_21-11-14,1464.198370,1283.285909,1.166667
0a5bb6f4.2020-08-13_21-29-55,1460.405235,1282.438057,1.148718
0a5bb6f4.2020-08-13_21-48-36,1459.232671,1280.772203,1.160622
0a5bb6f4.2020-08-13_22-07-16,1460.372340,1278.341819,1.160622
0a5bb6f4.2020-08-13_22-25-57,1464.312927,1280.049304,1.154639
0a5bb6f4.2020-08-13_22-44-37,1464.036421,1280.950112,1.154639
0a5bb6f4.2020-08-13_23-03-19,1462.714185,1279.835420,1.148718
0a5bb6f4.2020-08-13_23-21-59,1462.395456,1280.184746,1.154639
0a5bb6f4.2020-08-13_23-40-40,1463.843388,1279.201312,1.148718
