1b74105a.2020-07-11_01-51-54,1898.547235,486.837569,4.000000
1b74105a.2020-07-11_02-10-46,1899.079491,484.999902,4.072727
1b74105a.2020-07-11_02-29-39,1898.472367,485.637681,4.000000
1b74105a.2020-07-11_02-48-32,1898.350877,485.140855,4.148148
1b74105a.2020-07-11_03-26-18,1892.216124,493.890361,4.666667
1b74105a.2020-07-11_03-45-11,1891.532504,493.898743,4.869565
1b74105a.2020-07-11_05-57-25,1890.630544,496.354077,4.480000
1b74105a.2020-07-11_06-16-19,1890.555971,496.298628,4.571429
1b74105a.2020-07-11_06-54-06,1891.104605,496.385815,4.392157
1b74105a.2020-07-11_07-13-00,1890.968938,496.235165,4.392157
1b74105a.2020-07-11_07-31-54,1890.149929,496.207567,4.480000
1b74105a.2020-07-11_07-50-48,1890.935066,496.559236,4.571429
1b74105a.2020-07-11_08-09-41,1890.179350,496.265809,4.571429
1b74105a.2020-07-11_08-28-35,1890.484147,496.425075,4.571429
1b74105a.2020-07-11_08-47-29,1890.067501,496.295410,4.571429
1b74105a.2020-07-11_09-06-23,1889.581939,497.168294,4.392157
1b74105a.2020-07-11_09-25-17,1889.336698,496.694785,4.666667
1b74105a.2020-07-11_09-44-11,1889.696720,497.066428,4.480000
1b74105a.2020-07-11_10-03-05,1889.793622,497.035679,4.571429
1b74105a.2020-07-11_10-21-59,1889.596263,496.714056,4.571429
