5c173ff2.2020-09-18_00-27-21,1050.570928,458.593883,3.555556
5c173ff2.2020-09-18_00-45-48,1052.226029,459.753863,3.111111
5c173ff2.2020-09-18_01-04-15,1051.551116,460.205215,3.027027
5c173ff2.2020-09-18_01-22-41,1050.161485,458.293475,2.986667
5c173ff2.2020-09-18_01-41-08,1050.252940,457.572203,2.871795
5c173ff2.2020-09-18_01-59-35,1048.239082,457.063071,2.909091
5c173ff2.2020-09-18_02-18-02,1047.675236,457.364037,2.909091
5c173ff2.2020-09-18_02-36-29,1048.552754,457.732134,2.986667
5c173ff2.2020-09-18_02-54-56,1048.614068,456.113157,3.027027
5c173ff2.2020-09-18_03-13-22,1046.323235,454.323654,3.027027
5c173ff2.2020-09-18_03-31-49,1049.922293,454.804862,3.246377
