1b74105a.2020-06-30_19-20-18,2560.100011,1926.586373,3.929825
1b74105a.2020-06-30_19-39-20,2559.151049,1926.843228,3.733333
1b74105a.2020-06-30_20-17-24,2563.687558,1927.969457,4.480000
1b74105a.2020-06-30_20-55-27,2559.764070,1926.363964,3.862069
1b74105a.2020-06-30_21-14-29,2559.018270,1926.361370,3.796610
1b74105a.2020-06-30_21-33-31,2557.463877,1925.409209,3.672131
1b74105a.2020-06-30_21-52-33,2558.774692,1926.277578,3.796610
1b74105a.2020-06-30_22-11-34,2558.739072,1926.450908,3.733333
1b74105a.2020-06-30_22-30-36,2558.711929,1927.105240,3.796610
1b74105a.2020-06-30_23-08-39,2558.679991,1926.631428,3.733333
1b74105a.2020-06-30_23-27-41,2558.740438,1926.411418,3.672131
1b74105a.2020-07-01_00-43-48,2557.018541,1924.768337,3.612903
1b74105a.2020-07-01_01-02-50,2557.502410,1924.732631,3.672131
1b74105a.2020-07-01_01-21-51,2556.803788,1925.458450,3.672131
1b74105a.2020-07-01_02-18-57,2557.774028,1925.264224,3.672131
1b74105a.2020-07-01_02-37-58,2556.597809,1925.981523,3.612903
1b74105a.2020-07-01_02-57-00,2557.101907,1924.772788,3.612903
1b74105a.2020-07-01_05-10-13,2558.895412,1925.831548,3.555556
1b74105a.2020-07-01_06-07-18,2559.626173,1926.375112,3.733333
1b74105a.2020-07-01_06-45-21,2558.794237,1926.421611,3.672131
