0a5bb6f4.2020-08-29_01-56-27,71.308407,842.043765,2.835443
0a5bb6f4.2020-08-29_05-57-45,66.647446,842.619137,2.986667
0a5bb6f4.2020-08-29_06-16-19,66.766807,843.036715,2.986667
0a5bb6f4.2020-08-29_06-34-52,67.539256,840.669589,2.947368
0a5bb6f4.2020-08-29_06-53-26,68.608926,841.649254,2.947368
0a5bb6f4.2020-08-29_07-12-00,67.836996,840.634856,2.909091
0a5bb6f4.2020-08-29_07-30-34,66.196729,841.738913,2.871795
0a5bb6f4.2020-08-29_07-49-08,68.563653,841.750112,3.027027
0a5bb6f4.2020-08-29_08-07-41,68.545777,841.973431,3.068493
0a5bb6f4.2020-08-29_08-26-15,67.829251,842.629443,3.111111
0a5bb6f4.2020-08-29_08-44-48,67.795223,843.011401,3.027027
0a5bb6f4.2020-08-29_15-14-37,69.938605,845.546123,3.027027
0a5bb6f4.2020-08-29_17-43-07,69.817028,844.740577,2.871795
0a5bb6f4.2020-08-29_18-01-41,72.044328,848.713672,2.698795
0a5bb6f4.2020-08-29_20-30-11,67.758545,843.845939,3.027027
0a5bb6f4.2020-08-29_21-07-18,65.689350,844.051760,3.393939
0a5bb6f4.2020-08-30_02-04-17,62.829619,842.490626,3.555556
0a5bb6f4.2020-08-30_02-22-51,62.054778,841.869222,3.343284
0a5bb6f4.2020-08-30_05-09-54,62.261836,843.266452,3.154930
0a5bb6f4.2020-08-30_05-47-02,62.572979,844.122273,3.154930
0a5bb6f4.2020-08-30_06-24-09,62.805215,843.732313,3.027027
0a5bb6f4.2020-08-30_06-42-43,63.027004,843.685866,3.200000
0a5bb6f4.2020-08-30_07-01-16,62.936645,841.521192,3.200000
0a5bb6f4.2020-08-30_07-19-50,63.697996,843.760020,3.294118
0a5bb6f4.2020-08-30_08-15-31,63.738308,842.707932,3.343284
0a5bb6f4.2020-08-30_08-34-05,63.007071,841.142080,3.200000
0a5bb6f4.2020-08-30_08-52-39,62.403557,840.892276,3.154930
0a5bb6f4.2020-08-30_09-11-13,62.478257,840.182268,3.246377
0a5bb6f4.2020-08-30_09-29-47,62.698716,840.352640,3.154930
0a5bb6f4.2020-08-30_09-48-20,62.520345,840.807645,3.200000
0a5bb6f4.2020-08-30_10-06-54,63.375655,842.149591,3.200000
0a5bb6f4.2020-08-30_10-25-27,62.616571,841.440236,3.154930
0a5bb6f4.2020-08-30_10-44-01,62.601443,840.865996,3.154930
0a5bb6f4.2020-08-30_11-02-34,62.727504,840.796872,3.246377
0a5bb6f4.2020-08-30_11-21-08,63.768219,841.797771,3.343284
0a5bb6f4.2020-08-30_11-39-42,62.918928,841.153550,3.200000
0a5bb6f4.2020-08-30_11-58-16,63.593155,841.887201,3.200000
0a5bb6f4.2020-08-30_12-16-49,63.852218,841.525028,3.294118
0a5bb6f4.2020-08-30_12-35-24,63.393778,841.468212,3.200000
0a5bb6f4.2020-08-30_12-53-56,63.301897,841.263963,3.246377
0a5bb6f4.2020-08-30_13-12-30,63.767142,842.394433,3.393939
0a5bb6f4.2020-08-30_16-18-09,66.724630,852.008241,3.929825
