1b74105a.2020-07-05_12-39-29,2316.103946,273.457612,1.071770
1b74105a.2020-07-05_12-58-30,2325.860747,270.751336,0.986784
1b74105a.2020-07-05_13-17-32,2331.323570,271.285118,0.957265
1b74105a.2020-07-05_13-36-33,2377.078334,279.400672,0.868217
1b74105a.2020-07-05_13-55-34,2430.992534,215.262904,0.937238
1b74105a.2020-07-05_14-14-36,2433.635264,213.499180,0.906883
1b74105a.2020-07-05_14-33-37,2434.657259,212.243385,0.899598
1b74105a.2020-07-05_14-52-39,2442.837849,215.856254,0.899598
1b74105a.2020-07-05_15-11-40,2444.465735,215.987238,0.949153
1b74105a.2020-07-05_15-30-41,2448.274031,211.555589,0.918033
1b74105a.2020-07-05_15-49-42,2448.957038,213.983259,0.933333
1b74105a.2020-07-05_16-08-43,2457.387901,216.804875,0.933333
