0a5bb6f4.2020-08-13_18-41-49,655.178996,385.107210,0.957265
0a5bb6f4.2020-08-13_19-00-30,660.715180,372.575977,0.973913
0a5bb6f4.2020-08-13_19-19-11,655.080347,375.018441,1.004484
0a5bb6f4.2020-08-13_19-37-51,653.339030,370.949261,1.037037
0a5bb6f4.2020-08-13_19-56-31,653.227370,372.385004,1.082126
0a5bb6f4.2020-08-13_20-15-12,648.751462,376.052140,1.125628
0a5bb6f4.2020-08-13_20-33-53,650.753275,374.199731,1.114428
0a5bb6f4.2020-08-13_20-52-33,649.906977,373.283304,1.098039
0a5bb6f4.2020-08-13_21-11-14,648.861857,375.533456,1.098039
0a5bb6f4.2020-08-13_21-29-55,645.842084,376.521440,1.108911
0a5bb6f4.2020-08-13_21-48-36,644.493653,376.500864,1.114428
0a5bb6f4.2020-08-13_22-07-16,645.400042,377.378335,1.108911
0a5bb6f4.2020-08-13_22-25-57,646.049471,379.935399,1.103448
0a5bb6f4.2020-08-13_22-44-37,647.694138,378.929316,1.087379
0a5bb6f4.2020-08-13_23-03-19,647.438605,380.078638,1.092683
0a5bb6f4.2020-08-13_23-21-59,648.160285,378.907866,1.087379
0a5bb6f4.2020-08-13_23-40-40,647.749005,379.971852,1.082126
